s496_1 : 0.248643
s35_8 : 0.00000
straberry : 0.088239
ara-3695678__340 : 1.174349