s496_1 : 2.673824
straberry : 1.745893
ara-3695678__340 : 2.241789