s496_1 : 0.000002
straberry : 0.000001
ara-3695678__340 : 0.000001
s358 :0.004